0 0.49946 0.46832 0.99553 0.93247
0 0.25005 0.09565 0.10506 0.18546
0 0.55132 0.27984 0.09558 0.18110
0 0.05057 0.27993 0.09977 0.18137
0 0.74905 0.09760 0.09162 0.18052
0 0.14876 0.10202 0.10183 0.17847
0 0.35471 0.09603 0.08852 0.18286
0 0.64952 0.09800 0.10239 0.18726
0 0.44813 0.46715 0.10123 0.18423
0 0.44836 0.09886 0.09340 0.18263
0 0.05324 0.09845 0.10076 0.18442
0 0.95072 0.09929 0.09315 0.18061
0 0.44862 0.27992 0.09182 0.17255
0 0.54807 0.09629 0.09170 0.18560
0 0.85049 0.09831 0.10310 0.18073
0 0.24676 0.28110 0.09649 0.18028
0 0.35457 0.28139 0.08730 0.18221
0 0.55044 0.46887 0.10310 0.17809
0 0.84850 0.46673 0.09218 0.18530
0 0.65835 0.28046 0.09677 0.17846
0 0.85000 0.28139 0.09814 0.17961
0 0.34895 0.46565 0.10096 0.18390
0 0.75533 0.27709 0.07951 0.17075
0 0.24980 0.46766 0.10186 0.18494
0 0.94914 0.46608 0.09873 0.18264
0 0.14910 0.28229 0.09348 0.17933
0 0.54962 0.65948 0.09278 0.19141
0 0.44982 0.65318 0.09817 0.17904
0 0.24905 0.65206 0.09958 0.18517
0 0.94634 0.28105 0.08889 0.18444
0 0.35263 0.65538 0.09352 0.18040
0 0.85011 0.83683 0.10129 0.17920
0 0.14416 0.46954 0.08594 0.18621
