0 0.41562 0.16809 0.16595 0.32155
0 0.24926 0.16752 0.17030 0.32705
0 0.08185 0.17051 0.16382 0.31926
0 0.58334 0.16892 0.16596 0.31783
0 0.75097 0.16594 0.16563 0.32890
0 0.91736 0.16684 0.16539 0.32504
0 0.91780 0.50025 0.16447 0.32470
0 0.08179 0.50497 0.16129 0.32123
0 0.08267 0.83814 0.16536 0.32371
0 0.75094 0.50312 0.16406 0.31880
0 0.91650 0.84206 0.16690 0.31612
0 0.24890 0.50352 0.16314 0.31970
0 0.58359 0.50260 0.16483 0.32219
0 0.41616 0.83725 0.16606 0.32564
0 0.74942 0.83876 0.16966 0.32264
0 0.58420 0.84251 0.16627 0.31504
0 0.24658 0.83648 0.15274 0.32706
0 0.50005 0.50044 1.00000 0.99996
0 0.41597 0.50070 0.16509 0.32560
