0 0.17088 0.57756 0.11124 0.41492
0 0.48857 0.58974 0.07890 0.39184
0 0.76852 0.59184 0.07325 0.38789
0 0.60910 0.57803 0.08115 0.41569
0 0.24517 0.59004 0.07285 0.38979
0 0.38906 0.57755 0.09441 0.41273
0 0.72375 0.57856 0.07904 0.41360
0 0.43836 0.57261 0.06678 0.42607
0 0.67083 0.59438 0.07136 0.38121
0 0.50192 0.57192 0.78265 0.43402
0 0.28498 0.63886 0.05794 0.29224
0 0.84504 0.57977 0.08885 0.41085
0 0.55921 0.57228 0.09611 0.42425
0 0.33300 0.59140 0.11323 0.38664
0 0.65741 0.59350 0.09836 0.38122
